%YAML:1.0
---
Size: [ 1920, 1200 ]
K_LEFT: !!opencv-matrix
   rows: 3
   cols: 3
   dt: d
   data: [ 1.6629853531807680e+03, 0., 9.3438757165779964e+02, 0.,
       1.6693023262515060e+03, 5.8424048185807817e+02, 0., 0., 1. ]
K_RIGHT: !!opencv-matrix
   rows: 3
   cols: 3
   dt: d
   data: [ 1.6681937089664073e+03, 0., 8.2684989520281192e+02, 0.,
       1.6766978125885646e+03, 5.3933190688892546e+02, 0., 0., 1. ]
D_LEFT: !!opencv-matrix
   rows: 1
   cols: 5
   dt: d
   data: [ 2.1249082156820160e-02, -2.8167352702228271e-01,
       1.7210063940870490e-03, -6.3464728128174667e-03,
       1.0281965044493763e-01 ]
D_RIGHT: !!opencv-matrix
   rows: 1
   cols: 5
   dt: d
   data: [ 5.5176614407805025e-03, -1.2405159410727712e-01,
       -4.7537613345818391e-04, -1.3092656805987908e-02,
       -1.0740313677115114e+00 ]
R: !!opencv-matrix
   rows: 3
   cols: 1
   dt: d
   data: [ -6.6827164916097885e-03, 6.0478837229143177e-02,
       -2.9514013874182847e-03 ]
T: !!opencv-matrix
   rows: 3
   cols: 1
   dt: d
   data: [ -2.2595420855632238e+02, -7.9708953504613218e-03,
       2.0947029312457904e+01 ]
