%YAML:1.0
---
Size: [ 1920, 1200 ]
K_LEFT: !!opencv-matrix
   rows: 3
   cols: 3
   dt: d
   data: [ 1.3239997835638706e+03, 0., 9.7083685206837777e+02, 0.,
       1.3158047877401639e+03, 6.6325122576882677e+02, 0., 0., 1. ]
K_RIGHT: !!opencv-matrix
   rows: 3
   cols: 3
   dt: d
   data: [ 1.3160831666956410e+03, 0., 9.5335859628218725e+02, 0.,
       1.3037639669808209e+03, 5.8495826777581908e+02, 0., 0., 1. ]
D_LEFT: !!opencv-matrix
   rows: 1
   cols: 5
   dt: d
   data: [ -8.4185047246391198e-02, 6.6360700408602147e-02,
       4.1283064013181107e-03, 4.2639054222233727e-03,
       -2.7085322257108280e-01 ]
D_RIGHT: !!opencv-matrix
   rows: 1
   cols: 5
   dt: d
   data: [ -5.4219130456048766e-02, -5.9316307300724479e-02,
       4.1027129942310661e-03, 4.8561077740378296e-03,
       -1.9133751927217495e-02 ]
R: !!opencv-matrix
   rows: 3
   cols: 1
   dt: d
   data: [ -1.2685408815013668e-02, -2.8078711076568279e-02,
       -2.3865176335007504e-03 ]
T: !!opencv-matrix
   rows: 3
   cols: 1
   dt: d
   data: [ -2.1613326291512311e+02, 3.5941907544921398e-01,
       -5.8545238415063947e+00 ]
